transaction_id,buyer_id,seller_id,energy,price,timestamp
1,3,2,250.00,0.13,1711833600
2,7,1,320.00,0.10,1711920000
3,2,4,150.00,0.14,1712006400
4,5,3,275.00,0.11,1712092800
5,9,5,420.00,0.13,1712179200
6,4,2,190.00,0.13,1712265600
7,1,4,350.00,0.12,1712352000
8,8,1,230.00,0.12,1712438400
9,3,5,480.00,0.13,1712524800
10,6,3,180.00,0.11,1712611200
11,10,2,290.00,0.13,1712697600
12,2,1,410.00,0.10,1712784000
13,5,4,220.00,0.14,1712870400
14,9,3,315.00,0.09,1712956800
15,1,5,175.00,0.15,1713043200
16,4,2,380.00,0.11,1713129600
17,7,4,265.00,0.14,1713216000
18,10,1,430.00,0.10,1713302400
19,3,5,205.00,0.15,1713388800
20,6,3,370.00,0.09,1713475200
21,8,2,240.00,0.13,1713561600
22,2,4,345.00,0.12,1713648000
23,5,1,185.00,0.12,1713734400
24,9,5,310.00,0.13,1713820800
25,1,3,470.00,0.09,1713907200
26,4,2,225.00,0.13,1713993600
27,7,5,390.00,0.13,1714080000
28,10,3,260.00,0.11,1714166400
29,2,1,425.00,0.10,1714252800
30,6,4,195.00,0.14,1714339200
31,4,7,0.34,56.00,1744189092
